numLevels  = 7
dataType   = 3
width      = 16384
height     = 8064
i2mTransform = 0.02197265625,0.0,0.0,-0.02197265625,-180.0,88.59375